save_every_step = false
save_final_result = false
name = KerrQED-5
npix = 2048
sub_npix = 2048
sub_i = 1
sub_j = 1
pos[0] = 0.0000000000000000e+00
pos[1] = 8.000000000000000000000000000000000000000000000000000000000000000000000000000000000000000000000000000000e+01
pos[2] = 1.570796326794896619231321691639751442098584699687552910487472296153908203143104499314017412671058533980e+00
pos[3] = 0.0000000000000000e+00
fov = 6.283185307179586476925286766559005768394338798750211641949889184615632812572417997256069650684234135840e-01
rtol = 1.000000000000000000000000000000000000000000000000000000000000000000000000000000000000000000000000000020e-14
atol = 1.000000000000000000000000000000000000000000000000000000000000000000000000000000000000000000000000000020e-14
ctol = 1.000000000000000000000000000000000000000000000000000000000000000000000000000000000000000000000000000000e-07
black_hole = KerrQED
bh.a = 1.999999999999999999999999999999999999999999999999999999999999999999999999999999999999999999999999999990e-01
bh.k = 1.852903088129578199999999999999999999999999999999999999999999999999999999999999999999999999999999999980e+01
bh.Qm = 5.000000000000000000000000000000000000000000000000000000000000000000000000000000000000000000000000000000e-01
bh.A = 5.294008823227365999999999999999999999999999999999999999999999999999999999999999999999999999999999999920e+00
bh.lambda = 0.0000000000000000e+00
bh.near_limit = 1.000000000000000000000000000000000000000000000000000000000000000000000000000000000000000000000000000010e-02
